circuit_path: "/gpfs/bbp.cscs.ch/project/proj64/circuits/O1.v6a/20181207/CircuitConfig"
target: "mc2_Column"

extra_recipe_path: "/gpfs/bbp.cscs.ch/project/proj32/glusynapse_20190926_release/recipe.csv"

fit_params:
    tau_effca_GB_GluSynapse: 314.3591654475
    gamma_d_GB_GluSynapse: 71.1227582108
    gamma_p_GB_GluSynapse: 225.7938528297
    a00: 1.0385210002
    a01: 1.5825822083
    a10: 1.2521176027
    a11: 2.8864347800
    a20: 4.5509160180
    a21: 1.1783764987
    a30: 3.3290522061
    a31: 3.9917748472
